O       -2.166972410      1.730526860      0.000000000
H       -1.273535940      1.387568730      0.000000000
H       -2.058968850      2.681412890      0.000000000
O       -2.166972410     -1.730526860      0.000000000
H       -1.273535940     -1.387568730      0.000000000
H       -2.058968850     -2.681412890      0.000000000
O        2.166972410      1.730526860      0.000000000
H        1.273535940      1.387568730      0.000000000
H        2.058968850      2.681412890      0.000000000
O        2.166972410     -1.730526860      0.000000000
H        1.273535940     -1.387568730      0.000000000
H        2.058968850     -2.681412890      0.000000000
