O                 -2.91697241    1.73052686    0.00000000
H                 -2.02353594    1.38756873    0.00000000
H                 -2.80896885    2.68141289    0.00000000
O                  2.91697241    1.73052686   -0.00000000
H                  2.02353594    1.38756873   -0.00000000
H                  2.80896885    2.68141289   -0.00000000
O                 -2.91697241   -1.73052686    0.00000000
H                 -2.02353594   -1.38756873    0.00000000
H                 -2.80896885   -2.68141289    0.00000000
O                  2.91697241   -1.73052686    0.00000000
H                  2.02353594   -1.38756873    0.00000000
H                  2.80896885   -2.68141289    0.00000000
