O                 -2.66697241    1.73052686    0.00000000
H                 -1.77353594    1.38756873    0.00000000
H                 -2.55896885    2.68141289    0.00000000
O                  2.66697241    1.73052686   -0.00000000
H                  1.77353594    1.38756873   -0.00000000
H                  2.55896885    2.68141289   -0.00000000
O                 -2.66697241   -1.73052686    0.00000000
H                 -1.77353594   -1.38756873    0.00000000
H                 -2.55896885   -2.68141289    0.00000000
O                  2.66697241   -1.73052686    0.00000000
H                  1.77353594   -1.38756873    0.00000000
H                  2.55896885   -2.68141289    0.00000000
