O                 -5.66697241    1.73052686    0.00000000
H                 -4.77353594    1.38756873    0.00000000
H                 -5.55896885    2.68141289    0.00000000
O                  5.66697241    1.73052686   -0.00000000
H                  4.77353594    1.38756873   -0.00000000
H                  5.55896885    2.68141289   -0.00000000
O                 -5.66697241   -1.73052686    0.00000000
H                 -4.77353594   -1.38756873    0.00000000
H                 -5.55896885   -2.68141289    0.00000000
O                  5.66697241   -1.73052686    0.00000000
H                  4.77353594   -1.38756873    0.00000000
H                  5.55896885   -2.68141289    0.00000000
